%YAML:1.0
description: "10"
samples:
   - !!opencv-matrix
      rows: 198
      cols: 1
      dt: d
      data: [ -2.0286857116080714e+01, -1.9404099296350552e+01,
          -1.8239542593357100e+01, -1.6904530556194945e+01,
          -1.4940052211346728e+01, -1.1838317466719346e+01,
          -7.9170223235153854e+00, -3.4790674479572767e+00,
          1.4111284158184660e+00, 6.3652149487625032e+00,
          1.0538764291031864e+01, 1.3963739189346635e+01,
          1.6452821924231767e+01, 1.7835222418352451e+01,
          1.8512887789754988e+01, 1.8897114322325258e+01,
          1.8900042703922207e+01, -1.7282466561029445e+01,
          -1.4959245204845654e+01, -1.2008059196713576e+01,
          -8.8951138191161778e+00, -5.8400895856651847e+00,
          3.5713168291113693e+00, 6.2408594398911816e+00,
          9.0739570425811138e+00, 1.1902684984038745e+01,
          1.4389737732100389e+01, -3.6141142724954944e-01,
          -1.2826473779110997e-01, 9.1926073392582630e-02,
          2.9770455254842526e-01, -3.1677717481644798e+00,
          -1.3408296919463361e+00, 5.7380240715463482e-01,
          2.3473277548564564e+00, 3.9883359162766490e+00,
          -1.3039162893263935e+01, -1.1098159067619305e+01,
          -8.6445702255762509e+00, -6.6526509522028441e+00,
          -8.7646907768084326e+00, -1.0994149980833782e+01,
          5.3041328422613745e+00, 7.0497080407093335e+00,
          9.4498757117234415e+00, 1.1498373367368986e+01,
          9.5937192464042358e+00, 7.4120219482406364e+00,
          -7.1733851546833112e+00, -4.8112870852800045e+00,
          -2.2206699238445213e+00, 5.0703089752683006e-01,
          3.1456322691085004e+00, 5.7391332930671490e+00,
          8.0893452680743501e+00, 6.1643954699622903e+00,
          3.5875359351270397e+00, 7.5476894565478858e-01,
          -2.1510492187844732e+00, -4.9025410475715443e+00,
          -2.4857975964234211e+00, 6.0682479365169839e-01,
          3.6172306780915742e+00, 3.6893065565819283e+00,
          6.4541259605706147e-01, -2.4733458645793229e+00,
          -4.8929023269307041e+00, 1.7873259742339292e-01,
          5.2177538735886024e+00, 1.0016298460207532e+01,
          1.4233052898741933e+01, 1.7601600218919074e+01,
          2.0178250625073595e+01, 2.1921064342428771e+01,
          2.2024188942235160e+01, 2.1159986302300684e+01,
          1.8587222466417842e+01, 1.5209987534490272e+01,
          1.1241082111385177e+01, 6.8179544532870144e+00,
          2.0761468975918085e+00, -2.8471568696524332e+00,
          -7.7585211451986869e+00, -1.4968866019942118e+01,
          -1.7064656709073454e+01, -1.8114790446947200e+01,
          -1.8278483575240919e+01, -1.7777183663605992e+01,
          -1.8186745413110110e+01, -1.9011304046491684e+01,
          -1.9259476293059315e+01, -1.8826190235021745e+01,
          -1.7396122108350330e+01, -1.1435520024368222e+01,
          -8.1170194657493120e+00, -4.8322968516262730e+00,
          -1.5450425710211195e+00, 1.8418264450093993e+00,
          2.2985466386874789e+00, 2.3987608234009592e+00,
          2.0993457792678805e+00, 1.4504049120810965e+00,
          -1.0414660534005428e+01, -1.1892949014448289e+01,
          -1.1997593316803082e+01, -1.0564411475535458e+01,
          -9.9407667498884607e+00, -9.7891099578368177e+00,
          -1.1226293234203087e+01, -1.2827881792285764e+01,
          -1.3069149174803307e+01, -1.1811673940960249e+01,
          -1.0943930253105522e+01, -1.0844802009719858e+01,
          9.1407799014655193e+00, 7.5378937825757273e+00,
          6.4016940527072359e+00, 6.4438326698873647e+00,
          6.1327500569511066e+00, 7.0006069662968207e+00,
          8.4079737342541883e+00, 1.0305488080188479e+01,
          1.1451485382326716e+01, 1.1777007249841375e+01,
          1.1712137844038214e+01, 1.0816502600215919e+01,
          8.5080130961892735e+00, 8.3329569913069204e+00,
          8.2259941745283811e+00, 8.8032893598100941e+00,
          8.9814918220210718e+00, 9.1035379318704948e+00,
          2.1544530905581745e+01, 2.0938945659621176e+01,
          2.0566162054831445e+01, 1.8394057651843259e+01,
          1.3516234791800544e+01, 8.0088761819644070e+00,
          3.2529033034827002e+00, -9.7904482893917322e-01,
          -4.4648090416190165e+00, -7.9976757228557815e-01,
          3.4199232347179453e+00, 8.2044892692605522e+00,
          1.3715415917925542e+01, 1.8406138954020193e+01,
          2.0575693376823239e+01, 2.0830590473578241e+01,
          2.1412535393318503e+01, 3.1094899833054546e-01,
          -1.4093502999577625e+00, -2.8056204721054074e+00,
          -4.1073728545062362e+00, -5.3033877359816080e+00,
          -5.4122215568433178e+00, -4.1118131186630418e+00,
          -2.7307252067265302e+00, -1.2454909432341112e+00,
          4.4407734199480142e-01, -4.7745582943452209e+00,
          -7.7376470071932912e+00, -1.0833653965384521e+01,
          -1.3670999663395804e+01, -6.7286207318186078e+00,
          -7.4733805727723928e+00, -8.1191240729810250e+00,
          -7.3850837937099758e+00, -6.5459659761717122e+00,
          -5.1416534741803588e-01, -8.8465685939302285e-01,
          -1.2315263561235512e+00, -1.0833528091225519e+00,
          -1.0816370098516641e+00, -9.6357754446811650e-01,
          -1.0712530427024343e+00, -1.1185747521606191e+00,
          -7.8826174110194602e-01, -4.5775747945640238e-01,
          -9.1665061788896762e-01, -1.0576514766420457e+00,
          -2.7927510173911045e+00, -5.0339066313720497e+00,
          -6.6705455684980945e+00, -8.4487742361356517e+00,
          -6.5504068030872515e+00, -4.8761565139018259e+00,
          -2.6630714414666730e+00, -3.9430411325390970e+00,
          -5.0521468931626572e+00, -6.4295889299061697e+00,
          -5.1735581166649602e+00, -4.0683052696230568e+00,
          -5.4219668600952087e+00, -7.7374754716143697e+00,
          -5.1762007719255330e+00, -4.4987288385486446e+00,
          -6.4924536902662462e+00, -4.7046323239152628e+00 ]
